1.35838
1.36704
1.19187
1.24568
1.24843
1.39488
1.40071
1.29543
1.22163
1.41567
1.25165
1.39429
1.27361
1.26058
1.35108
1.21324
1.30779
1.47196
1.27142
1.37367
1.33014
1.4325
1.26186
1.36695
1.25567
1.36218
1.30646
1.28986
1.27328
1.28185
1.42207
1.21539
1.19794
1.22014
1.22778
1.3077
1.3112
1.3972
1.32363
1.33831
1.39697
1.54107
1.335
1.20479
1.28999
1.2168
1.33348
1.29668
1.27826
1.23475
1.30947
1.37676
1.2622
1.29488
1.39991
1.22146
1.27883
1.17451
1.24146
1.26447
1.32494
1.24927
1.37858
1.32055
1.31997
1.29487
1.24644
1.32134
1.44039
1.21784
1.31478
1.27171
1.22492
1.2841
1.34089
1.22684
1.19021
1.24238
1.32409
1.2645
1.35138
1.35733
1.26692
1.28046
1.26436
1.38582
1.28162
1.42889
1.43729
1.2276
1.36041
1.23491
1.24641
1.36104
1.40625
1.28765
1.29209
1.24497
1.34023
1.34414
1.3267
1.28836
1.22186
1.24009
1.26729
1.22331
1.25217
1.3333
1.19254
1.29071
1.35812
1.24279
1.20913
1.45048
1.42062
1.32066
1.30865
1.21819
1.40287
1.28754
1.24145
1.29548
1.19942
1.26268
1.50972
1.56192
1.26249
1.27007
1.25873
1.27489
1.26252
1.29338
1.29619
1.40618
1.30071
1.30814
1.19121
1.21581
1.24889
1.18767
1.23184
1.19221
1.2409
1.29056
1.27497
1.29562
1.29151
1.26935
1.28399
1.23711
1.41761
1.30715
1.26693
1.35358
1.28739
1.28226
1.22246
1.34394
1.3309
1.30131
1.37048
1.29681
1.35129
1.18793
1.21906
1.28316
1.28029
1.30433
1.30584
1.21412
1.32614
1.47439
1.23434
1.20736
1.20878
1.46528
1.33337
1.21986
1.22607
1.42643
1.28951
1.35175
1.31393
1.23462
1.16039
1.28842
1.3201
1.23832
1.30287
1.24564
1.39833
1.40835
1.21559
1.26081
1.32178
1.35175
1.27528
1.28023
1.30202
1.19238
1.25586
1.33924
1.23427
1.28029
1.26479
1.29739
1.33684
1.22532
1.34595
1.36144
1.28457
1.24552
1.26374
1.26692
1.33427
1.25967
1.41355
1.42545
1.24882
1.28807
1.31068
1.2986
1.37455
1.30167
1.2526
1.39715
1.27657
1.37574
1.23838
1.25732
1.19155
1.28691
1.39334
1.39196
1.26129
1.19633
1.42328
1.26452
1.29579
1.39907
1.29327
1.31774
1.2615
1.31613
1.33914
1.32542
1.28373
1.26919
1.29114
1.3316
1.27805
1.28741
1.48564
1.29718
1.28723
1.2392
1.3931
1.38655
1.26482
1.33406
1.21204
1.24389
1.26729
1.33019
1.30774
1.31055
1.37049
1.32656
1.28196
1.40043
1.30316
1.35241
1.32469
1.32801
1.39649
1.41964
1.27476
1.34214
1.233
1.19671
1.2468
1.29584
1.39266
1.19781
1.20973
1.23566
1.27948
1.34857
1.38646
1.21477
1.28989
1.24187
1.37064
1.31218
1.3789
1.36286
1.225
1.40154
1.29357
1.26773
1.33341
1.30186
1.28438
1.18099
1.27604
1.24825
1.28592
1.33795
1.24813
1.2367
1.25763
1.43902
1.44254
1.16793
1.38188
1.29483
1.26798
1.29395
1.26138
1.32911
1.36613
1.25513
1.20873
1.27948
1.29808
1.3273
1.27474
1.33412
1.25316
1.42485
1.27194
1.23946
1.27816
1.29126
1.39983
1.30411
1.33686
1.29577
1.30665
1.22812
1.20968
1.2698
1.22933
1.52258
1.32812
1.37098
1.374
1.20825
1.28222
1.26317
1.31311
1.27425
1.2377
1.23366
1.19599
1.27479
1.21344
1.33594
1.28049
1.27933
1.29741
1.45421
1.28447
1.31237
1.37686
1.20596
1.24055
1.26957
1.33661
1.27429
1.35602
1.28218
1.35604
1.31773
1.24908
1.30214
1.36892
1.27038
1.44363
1.27274
1.28481
1.33409
1.27984
1.37169
1.25198
1.23413
1.42634
1.43223
1.24633
1.27036
1.18776
1.29935
1.31227
1.24799
1.29756
1.26683
1.56038
1.21982
1.18152
1.26005
1.247
1.20659
1.37398
1.4359
1.25642
1.33989
1.33676
1.24643
1.28883
1.24383
1.19156
1.2417
1.27752
1.2775
1.28307
1.25447
1.32692
1.22172
1.32861
1.31728
1.38251
1.27886
1.37967
1.32324
1.30129
1.29087
1.19749
1.28749
1.30251
1.30149
1.3704
1.24336
1.4
1.36015
1.22099
1.32729
1.34537
1.43808
1.27824
1.24949
1.31033
1.33017
1.22528
1.27011
1.32999
1.35071
1.26465
1.31444
1.30875
1.29881
1.24019
1.26484
1.31652
1.25712
1.23344
1.3782
1.3213
1.32083
1.44169
1.31483
1.41142
1.3861
1.24265
1.29725
1.33308
1.32627
1.41011
1.30107
1.29669
1.29446
1.27004
1.29912
1.24351
1.33153
1.31509
1.24743
1.22424
1.33178
1.29488
1.20794
1.22146
1.26943
1.25555
1.30911
1.33262
1.2654
1.29432
1.26775
1.39643
1.33444
1.22156
1.28735
1.36624
1.25496
1.25364
1.30442
1.23473
1.28571
1.2939
1.24742
