1.94118
1.77778
1.66667
1.94444
1.66667
1.88889
1.83333
1.77778
1.61111
1.88889
1.94444
1.77778
1.94444
1.73684
1.83333
1.82353
1.88889
1.77778
1.72222
1.83333
1.94118
1.94118
1.94118
1.77778
2.11765
2.11111
1.72222
1.72222
2.11111
1.88889
2.11111
1.66667
1.83333
2.11765
1.88889
1.66667
2.22222
1.94444
1.88889
2.05556
2.05882
1.88889
1.83333
1.94444
1.83333
1.88889
1.94444
1.63158
1.88889
1.77778
1.94444
1.72222
2.05882
1.66667
1.68421
1.77778
1.77778
1.88889
1.88889
1.88889
1.88235
1.94118
1.88889
1.77778
2
2.17647
2.11765
1.77778
1.83333
1.77778
2.16667
1.77778
1.77778
1.88235
1.83333
1.94444
1.88889
1.72222
1.70588
1.77778
1.88889
1.94444
1.66667
1.83333
2.05882
2.05556
1.77778
2.17647
1.82353
1.72222
2
2.11111
1.88235
2.17647
1.94444
1.88235
1.94444
1.88889
1.77778
1.94444
1.83333
1.77778
1.77778
1.77778
2.17647
1.72222
1.61111
1.83333
1.82353
1.77778
1.72222
1.78947
1.61111
1.88235
1.94118
1.88889
1.94444
2
2
1.72222
2
1.82353
2
1.63158
1.83333
1.77778
1.66667
1.68421
1.61111
1.82353
1.66667
1.83333
1.77778
1.77778
1.72222
2.05882
1.72222
1.83333
2
1.77778
1.72222
1.83333
1.77778
1.66667
1.83333
1.83333
2.05882
1.77778
2.11765
1.78947
1.82353
1.94444
1.94118
2
2.11111
2
1.88889
2
2.05882
1.77778
1.94118
2
1.82353
1.66667
1.94118
1.77778
1.94118
1.72222
1.77778
1.88889
2.16667
1.76471
1.77778
1.83333
2.11111
1.72222
2.17647
1.77778
2.05882
1.77778
2.05556
1.66667
1.88889
1.83333
1.88889
1.88889
1.72222
2
1.77778
2
1.94118
1.94444
2
1.77778
1.72222
1.88889
1.94118
2
1.73684
1.88889
1.83333
1.72222
1.72222
1.77778
1.82353
1.88235
2.05556
1.83333
1.83333
2.17647
1.83333
1.77778
1.76471
2
1.68421
2.05882
2
1.82353
1.77778
1.88889
1.82353
2
2
1.83333
2
1.83333
1.72222
1.66667
1.72222
1.66667
1.72222
2.05882
1.83333
1.72222
1.72222
2
2
1.88235
1.88235
1.83333
1.77778
1.83333
1.88889
1.61111
1.72222
1.77778
1.88235
1.88889
1.94444
1.77778
1.72222
2.11765
1.94118
1.66667
1.94118
1.94118
1.83333
1.77778
2.05556
2
2
1.83333
1.88235
1.77778
1.66667
1.77778
2
1.52632
1.82353
1.94118
1.88889
1.83333
1.94444
1.88889
1.83333
1.83333
2.11765
1.94118
1.94444
1.72222
1.88889
1.77778
1.72222
1.83333
2.23529
2.38889
1.94444
1.82353
1.77778
1.72222
2.05556
2
2.05882
1.77778
2.11111
2
1.77778
1.88889
2.17647
1.77778
1.77778
2.23529
1.77778
1.88889
2.17647
1.77778
1.77778
1.72222
2
1.66667
1.77778
1.78947
2
1.94444
1.77778
1.94118
1.82353
1.72222
1.82353
1.88889
1.83333
1.68421
1.77778
1.83333
1.94444
1.88889
1.83333
2
1.61111
1.88889
1.94118
1.83333
2
2
1.72222
1.77778
1.77778
1.77778
1.82353
2
2.11111
1.66667
2.22222
1.82353
1.82353
2.05882
1.88889
1.94444
1.77778
1.83333
1.72222
1.94444
2
1.77778
1.88889
1.88889
1.94444
1.83333
1.83333
2
2.05556
1.88889
2
1.88235
1.83333
1.83333
1.66667
1.77778
1.83333
1.72222
1.77778
1.72222
1.72222
1.94444
1.88889
2.05556
1.77778
1.88235
1.66667
2.05882
1.77778
1.94444
1.83333
1.83333
1.94444
2
2.17647
1.77778
2.05882
1.94444
2
1.94444
1.88889
1.72222
1.83333
1.57895
2.05882
1.94444
1.77778
2.11765
1.76471
1.72222
2.11765
1.83333
1.94118
2.11765
2
1.83333
1.83333
1.77778
1.77778
1.72222
1.76471
1.83333
2.05882
1.83333
1.83333
1.88235
1.83333
1.66667
1.66667
2
1.83333
1.72222
1.83333
1.72222
1.77778
2.17647
1.88889
1.83333
1.88889
2
1.83333
2.11765
1.77778
2.05556
1.77778
1.88889
1.76471
1.72222
1.77778
1.77778
2.05882
1.66667
1.83333
1.77778
1.77778
1.83333
2
2.11111
1.94118
1.77778
1.94444
1.88889
1.88889
1.73684
1.72222
1.61111
1.83333
1.82353
1.94444
1.82353
1.66667
1.88889
1.88889
1.82353
1.82353
1.83333
2.16667
1.88889
2.11111
2
2.05882
1.94444
1.66667
1.72222
1.70588
1.94444
1.77778
1.83333
2
1.94444
2
2
1.88889
1.72222
2
1.94444
1.83333
1.72222
2.23529
2
2.05556
1.77778
1.83333
2.11765
2
1.77778
1.72222
2.11765
