1.28361
1.25756
1.37777
1.32835
1.37193
1.23005
1.25674
1.3387
1.29663
1.30877
1.29837
1.25843
1.31237
1.44705
1.28966
1.30272
1.36161
1.43443
1.28843
1.35802
1.33372
1.33581
1.26943
1.33945
1.32341
1.31738
1.30335
1.37974
1.22691
1.3045
1.2618
1.3314
1.44455
1.26027
1.32512
1.3199
1.33445
1.3081
1.33196
1.32533
1.34907
1.28524
1.28449
1.33097
1.33532
1.25223
1.31049
1.27529
1.33785
1.29377
1.37452
1.37648
1.31757
1.32442
1.34707
1.2864
1.31799
1.41435
1.32592
1.3221
1.30146
1.30116
1.27261
1.28852
1.31951
1.26428
1.33796
1.36119
1.25554
1.29161
1.29626
1.30851
1.28397
1.36153
1.26942
1.25036
1.41724
1.26076
1.26226
1.29631
1.32623
1.27265
1.28022
1.30827
1.33275
1.36219
1.30844
1.24022
1.28468
1.34075
1.33659
1.24734
1.31388
1.32919
1.30941
1.36147
1.28391
1.26034
1.25541
1.2645
1.26218
1.25719
1.31187
1.39783
1.27085
1.29277
1.35397
1.30055
1.2605
1.3514
1.35128
1.35426
1.29715
1.31948
1.373
1.28859
1.26347
1.27512
1.28246
1.32194
1.39714
1.22865
1.28853
1.30123
1.27216
1.27442
1.34098
1.24518
1.27127
1.27831
1.32116
1.3248
1.28652
1.28385
1.43326
1.30687
1.25827
1.22117
1.28385
1.30896
1.25811
1.35721
1.23949
1.29248
1.2916
1.27155
1.31958
1.2897
1.39655
1.25261
1.33609
1.28823
1.31758
1.4591
1.31538
1.35625
1.30804
1.32812
1.31078
1.33254
1.26657
1.30021
1.29508
1.25143
1.28278
1.53178
1.32188
1.3077
1.272
1.33093
1.35382
1.45644
1.37348
1.29242
1.29559
1.30664
1.26691
1.40112
1.30399
1.28693
1.30235
1.26782
1.36116
1.26186
1.3903
1.34838
1.2961
1.27038
1.32244
1.26557
1.33514
1.29274
1.30651
1.30939
1.54403
1.36766
1.35331
1.3024
1.40493
1.31001
1.299
1.23395
1.25338
1.27338
1.31399
1.27585
1.27218
1.29456
1.4268
1.37435
1.34189
1.32473
1.48052
1.28821
1.39077
1.33066
1.29294
1.23821
1.32972
1.28027
1.29715
1.39125
1.33728
1.32439
1.22715
1.31627
1.33134
1.32707
1.29846
1.31718
1.30159
1.30938
1.35133
1.35551
1.32532
1.3166
1.27351
1.29058
1.26486
1.28166
1.30915
1.37549
1.27785
1.27799
1.28806
1.40286
1.27712
1.28087
1.31507
1.30908
1.26724
1.28704
1.39504
1.26871
1.36077
1.352
1.27605
1.31679
1.33309
1.39594
1.24763
1.33705
1.28023
1.3024
1.266
1.3312
1.25938
1.28425
1.3376
1.32852
1.39196
1.29943
1.32175
1.29254
1.34724
1.28219
1.28523
1.31551
1.29898
1.21774
1.31367
1.31494
1.30626
1.28727
1.2801
1.31382
1.25936
1.31648
1.27735
1.3962
1.36698
1.32864
1.26889
1.33882
1.27792
1.31448
1.39738
1.2944
1.31705
1.25825
1.29168
1.21482
1.28725
1.37754
1.3694
1.27482
1.3305
1.28016
1.29317
1.29769
1.39158
1.25852
1.32071
1.39451
1.3031
1.24211
1.21848
1.30628
1.29611
1.28743
1.29568
1.29354
1.26716
1.27797
1.26565
1.30955
1.27569
1.26147
1.34044
1.27973
1.23564
1.2838
1.33437
1.31337
1.34933
1.27872
1.37624
1.26319
1.33042
1.33717
1.30243
1.23236
1.31702
1.30883
1.34934
1.28084
1.29754
1.29133
1.28136
1.30833
1.3053
1.28929
1.30733
1.31497
1.40667
1.34886
1.3314
1.32928
1.22491
1.32248
1.30051
1.36184
1.32293
1.46514
1.31065
1.30476
1.28904
1.2681
1.30666
1.34789
1.33564
1.29695
1.2817
1.32417
1.3153
1.27455
1.28449
1.25802
1.27578
1.27063
1.2712
1.20098
1.25675
1.32041
1.33144
1.36309
1.47056
1.30825
1.37078
1.27608
1.37418
1.33784
1.29147
1.2525
1.25269
1.27203
1.334
1.32503
1.27486
1.28074
1.27078
1.27758
1.35908
1.27977
1.28561
1.27406
1.3327
1.34405
1.478
1.34452
1.41032
1.31348
1.28483
1.28918
1.22244
1.32057
1.28493
1.33899
1.28058
1.22003
1.31552
1.29706
1.3237
1.3293
1.27669
1.32806
1.297
1.27744
1.3084
1.31474
1.42062
1.27872
1.27767
1.28413
1.23896
1.31162
1.25772
1.3028
1.38766
1.26971
1.32428
1.34877
1.32627
1.35577
1.2682
1.24157
1.47226
1.38337
1.26032
1.28004
1.35984
1.29285
1.27106
1.27443
1.25295
1.33416
1.31089
1.28716
1.36178
1.25261
1.40319
1.34376
1.23053
1.34347
1.28282
1.2688
1.41789
1.39397
1.30424
1.33147
1.29804
1.26836
1.28013
1.32061
1.36329
1.24286
1.42705
1.29416
1.31752
1.31942
1.41366
1.41379
1.36524
1.36521
1.37459
1.41777
1.25605
1.27271
1.33868
1.32632
1.25131
1.32603
1.29239
1.29886
1.25922
1.49183
1.25126
1.29425
1.24018
1.33073
