1.66667
1.69231
1.84615
1.84615
1.83333
1.91667
1.53846
1.83333
1.69231
1.69231
1.75
1.69231
1.75
1.53846
1.92308
1.61538
1.53846
2
1.53846
1.75
1.61538
2.08333
1.61538
1.61538
1.61538
1.83333
1.61538
2.15385
2
2
1.61538
1.66667
1.69231
1.66667
2.07692
1.75
1.66667
2.16667
1.69231
1.83333
1.75
2.08333
1.75
1.66667
1.61538
2.08333
1.61538
1.58333
1.38462
1.91667
1.83333
1.69231
1.58333
1.53846
1.75
1.76923
1.76923
1.61538
2.08333
1.58333
1.69231
2
1.69231
1.83333
1.66667
1.66667
1.76923
1.53846
1.69231
1.91667
1.83333
1.84615
1.75
1.53846
1.83333
1.84615
1.84615
1.92308
1.61538
1.57143
1.91667
1.53846
1.53846
1.46154
1.58333
1.53846
1.83333
1.84615
1.69231
1.57143
1.53846
1.58333
1.61538
1.83333
2
1.75
2.25
1.76923
2
1.75
1.53846
1.66667
1.61538
1.91667
1.92308
1.53846
1.66667
1.69231
2
1.92308
1.76923
1.84615
1.75
1.61538
1.76923
1.61538
1.61538
1.53846
2
1.53846
2.08333
2.15385
2
1.83333
2
1.84615
1.53846
1.76923
2.23077
1.75
1.75
1.83333
2.08333
1.66667
1.58333
1.83333
1.57143
1.66667
1.75
1.69231
1.92308
1.91667
1.84615
1.76923
1.53846
2
1.69231
1.92308
1.83333
1.66667
1.53846
1.76923
1.91667
2.08333
1.66667
2
1.66667
1.53846
1.83333
1.91667
1.75
1.75
1.76923
1.75
1.69231
1.83333
1.61538
1.91667
1.75
1.61538
1.69231
1.69231
1.61538
1.75
1.75
1.83333
1.83333
1.75
2
1.66667
1.83333
1.61538
1.66667
2
1.53846
1.84615
1.75
1.75
1.76923
1.83333
1.83333
1.83333
1.38462
1.58333
1.91667
1.83333
1.83333
1.84615
1.91667
1.53846
1.84615
1.46154
1.84615
1.53846
1.76923
1.76923
1.5
2
1.66667
1.83333
1.83333
1.83333
1.91667
1.84615
1.66667
2
1.76923
1.66667
2
1.58333
1.69231
1.61538
1.75
2
1.84615
1.61538
1.76923
1.83333
1.76923
2.08333
1.75
1.91667
2
1.66667
1.84615
1.75
1.69231
1.66667
1.69231
1.53846
1.69231
1.46154
1.69231
1.83333
1.46154
1.46154
1.75
1.66667
1.83333
1.75
1.75
1.66667
1.92308
1.83333
1.69231
1.66667
1.83333
1.75
1.61538
1.83333
1.53846
1.58333
1.76923
1.53846
1.84615
1.92308
1.69231
1.83333
2
1.91667
2
1.83333
1.61538
1.91667
1.75
2
1.75
1.83333
1.69231
1.61538
1.84615
1.83333
1.53846
2.16667
1.76923
1.75
1.84615
1.91667
1.83333
2
1.83333
1.61538
1.66667
1.92308
1.75
1.75
1.53846
1.76923
1.76923
1.53846
1.84615
1.61538
1.66667
1.61538
2.07692
1.92308
1.69231
1.76923
1.75
1.76923
1.83333
1.53846
1.69231
1.75
1.53846
1.53846
1.66667
1.46154
2
1.61538
1.83333
1.61538
1.83333
1.75
1.69231
1.76923
1.66667
1.75
1.84615
1.61538
1.53846
1.75
1.53846
1.61538
2
1.69231
1.76923
1.83333
1.53846
1.69231
2.08333
1.42857
2.07692
1.53846
1.76923
2
1.53846
1.38462
1.83333
1.83333
1.53846
1.83333
1.91667
1.83333
1.61538
1.61538
1.76923
2.16667
1.38462
1.61538
1.75
1.69231
1.84615
1.69231
1.76923
1.69231
1.61538
1.75
1.91667
1.66667
1.84615
1.83333
1.84615
2.16667
1.69231
2
1.69231
1.66667
1.69231
1.58333
1.76923
2
1.84615
1.66667
1.75
1.53846
1.58333
1.46154
1.66667
1.92308
2.08333
1.83333
1.83333
2.25
1.46154
1.91667
1.92308
1.83333
1.76923
1.75
2
1.66667
1.83333
2
1.75
1.66667
1.53846
1.84615
1.58333
1.69231
2.08333
1.91667
1.75
1.83333
2
1.69231
1.91667
1.69231
2.08333
2
2
1.83333
1.91667
1.76923
1.69231
1.76923
1.58333
1.61538
1.84615
1.46154
1.53846
1.83333
1.91667
2.08333
1.76923
1.91667
1.66667
1.61538
1.46154
1.83333
1.5
1.53846
1.92308
1.69231
1.83333
1.61538
1.66667
1.83333
2.07692
1.66667
2
1.76923
1.84615
1.91667
1.91667
1.61538
1.53846
1.84615
1.83333
2
1.61538
1.66667
1.53846
1.61538
1.83333
1.69231
1.69231
1.69231
1.46154
1.53846
1.83333
1.69231
1.66667
1.58333
1.76923
2.16667
1.61538
1.92308
1.61538
1.76923
2
1.53846
1.46154
1.53846
2.08333
2.08333
1.92308
1.61538
1.61538
1.91667
1.83333
1.61538
1.91667
1.75
1.66667
2
1.46154
1.84615
1.75
1.83333
