1.78571
1.57143
1.71429
1.64286
1.71429
1.64286
1.64286
2
1.64286
1.64286
1.78571
1.92857
1.64286
1.64286
1.64286
2.21429
1.57143
1.78571
1.73333
1.85714
1.71429
1.57143
1.64286
1.71429
2.07692
2
1.71429
1.85714
1.85714
1.71429
1.78571
1.57143
1.92857
1.85714
1.71429
1.76923
1.6
1.71429
1.64286
1.71429
2.07692
1.57143
1.71429
1.76923
1.78571
1.71429
1.92857
2.07143
1.92857
1.85714
1.92857
1.71429
1.64286
1.78571
1.57143
1.84615
1.71429
2
1.71429
1.85714
1.71429
1.64286
1.78571
2
1.78571
1.78571
1.64286
1.71429
1.71429
2
1.5
1.64286
1.85714
1.64286
1.64286
2.07143
1.85714
2.07692
1.57143
1.64286
1.85714
1.78571
2
1.71429
1.57143
1.71429
1.85714
1.71429
2.07143
2.07692
2.14286
1.66667
1.53333
1.85714
1.8
1.78571
1.71429
2.07143
1.84615
1.64286
1.66667
1.71429
1.64286
1.71429
2
1.78571
1.57143
1.71429
1.85714
1.71429
1.85714
1.78571
1.85714
1.85714
2
1.85714
1.85714
1.64286
1.57143
1.78571
1.57143
1.78571
1.78571
2
1.85714
1.78571
1.85714
1.64286
1.78571
1.64286
2
1.78571
1.78571
1.78571
1.57143
1.64286
1.57143
1.85714
1.64286
1.92308
1.92857
1.85714
1.71429
1.71429
1.53333
1.92857
1.71429
1.64286
1.57143
1.71429
2.14286
1.85714
1.85714
1.92308
1.85714
1.85714
1.84615
1.85714
1.92308
1.85714
1.64286
1.92857
1.92857
1.71429
2.07143
1.57143
1.78571
1.78571
1.57143
1.78571
1.71429
1.78571
1.64286
1.92308
1.84615
1.64286
2
1.57143
1.85714
1.85714
2.07143
1.85714
1.71429
1.92857
2.07692
1.66667
1.92857
2
1.78571
2
1.85714
1.66667
1.64286
1.71429
1.71429
1.57143
2.21429
1.57143
1.64286
2
1.84615
1.84615
1.85714
1.78571
1.78571
1.71429
1.92857
1.78571
1.92857
1.64286
1.57143
1.64286
1.92308
1.71429
1.85714
1.78571
1.69231
1.64286
1.71429
2
1.64286
1.71429
1.71429
2.07143
1.69231
1.64286
1.64286
1.57143
2.21429
1.78571
1.71429
1.85714
2
1.69231
1.5
1.71429
1.78571
1.78571
1.76923
2
1.57143
1.92857
1.84615
1.71429
1.92857
1.71429
1.64286
1.71429
1.85714
1.64286
1.85714
1.57143
1.71429
2.07692
1.57143
1.85714
1.71429
2
2
1.85714
1.64286
2.07692
1.85714
1.92857
1.64286
1.78571
1.53333
1.85714
1.85714
1.84615
1.85714
1.78571
1.64286
1.78571
1.64286
2.14286
1.71429
1.78571
1.85714
1.78571
1.71429
1.69231
1.6
1.71429
1.57143
1.78571
1.64286
1.84615
1.64286
1.64286
1.92857
1.64286
1.71429
1.92857
1.64286
1.78571
1.5
1.78571
1.64286
1.78571
1.53333
1.71429
1.85714
1.64286
1.71429
1.57143
2.07143
1.64286
1.85714
1.92857
1.64286
1.78571
1.78571
1.46667
2
1.86667
1.78571
1.71429
1.71429
1.85714
1.57143
1.78571
1.71429
1.78571
1.64286
1.64286
1.71429
1.85714
1.78571
1.66667
1.78571
1.76923
1.71429
1.64286
1.85714
1.71429
2
1.76923
1.92857
1.85714
2
1.78571
1.64286
1.76923
1.57143
1.78571
1.5
1.69231
1.78571
1.64286
1.92857
1.92857
1.71429
1.71429
1.92308
1.64286
2.15385
1.85714
1.71429
1.78571
1.71429
1.57143
1.57143
1.71429
1.71429
1.57143
1.57143
2.30769
1.57143
1.78571
1.78571
2.21429
1.64286
1.85714
1.78571
2.15385
1.85714
1.5
1.71429
1.64286
1.73333
1.71429
1.64286
1.78571
1.76923
1.85714
1.71429
1.85714
1.5
1.57143
1.71429
1.57143
1.92308
2.07143
2.07143
1.85714
1.92308
1.5
1.57143
1.57143
1.84615
2
1.64286
2.14286
1.71429
1.71429
1.85714
1.57143
1.78571
1.78571
1.78571
1.64286
1.78571
1.85714
2
1.57143
1.57143
1.85714
1.53333
2
1.85714
1.71429
1.64286
1.57143
1.78571
1.92308
1.64286
1.92857
1.92308
1.78571
1.86667
1.64286
1.78571
1.64286
1.64286
1.85714
1.85714
1.71429
1.85714
1.53333
1.57143
1.71429
1.78571
1.5
1.92857
1.57143
1.78571
2
1.92308
1.92857
1.57143
1.71429
1.71429
1.84615
1.64286
1.92308
1.85714
1.64286
1.78571
2
1.78571
1.64286
1.78571
1.71429
1.57143
2
2
1.71429
1.71429
1.78571
1.85714
1.71429
1.66667
1.85714
1.57143
2
1.69231
1.64286
1.64286
1.78571
1.64286
1.73333
1.71429
1.57143
1.69231
2
1.53333
1.85714
1.78571
1.78571
1.71429
1.92857
1.71429
1.92857
1.92857
1.71429
2.23077
1.92857
1.57143
1.64286
