1.26201
1.42207
1.27662
1.27315
1.22756
1.21655
1.32036
1.24327
1.30704
1.27388
1.23268
1.26274
1.2759
1.26345
1.37064
1.22205
1.30064
1.27085
1.43695
1.27292
1.36583
1.45443
1.21595
1.40143
1.26482
1.34373
1.40015
1.30532
1.2886
1.24457
1.36919
1.2831
1.21152
1.32114
1.27319
1.20609
1.33991
1.38843
1.28112
1.39458
1.30577
1.25234
1.40668
1.17177
1.28454
1.29404
1.34137
1.31497
1.23492
1.42221
1.25368
1.25183
1.30884
1.25908
1.207
1.37187
1.25382
1.28813
1.27222
1.26195
1.35553
1.29665
1.27678
1.4044
1.22502
1.30048
1.2174
1.28892
1.2778
1.29851
1.22326
1.19401
1.33029
1.22312
1.24068
1.24875
1.33751
1.31046
1.27548
1.29391
1.51691
1.32442
1.28868
1.39323
1.30078
1.33057
1.41604
1.30886
1.40916
1.21286
1.44104
1.20718
1.18782
1.37924
1.36623
1.24862
1.24195
1.2916
1.21799
1.25067
1.22004
1.34056
1.21164
1.33526
1.23872
1.3211
1.2808
1.26865
1.29283
1.31761
1.23155
1.22509
1.29234
1.30543
1.36278
1.30264
1.29522
1.36465
1.25867
1.41605
1.32374
1.31289
1.31924
1.451
1.3381
1.18184
1.36375
1.28131
1.3342
1.52861
1.33224
1.38841
1.2654
1.32062
1.21368
1.29134
1.29861
1.29562
1.34676
1.22139
1.35528
1.29199
1.26794
1.30268
1.25378
1.34317
1.22306
1.25937
1.23088
1.26854
1.29069
1.31305
1.44148
1.34624
1.24518
1.30813
1.24082
1.27274
1.37255
1.26915
1.29208
1.25325
1.25567
1.32025
1.38263
1.34953
1.27252
1.4099
1.35002
1.23099
1.28385
1.36762
1.2956
1.27477
1.22158
1.31621
1.50119
1.33551
1.2044
1.31012
1.35964
1.21231
1.2637
1.27782
1.26701
1.32069
1.28222
1.35935
1.30844
1.3009
1.40596
1.29674
1.38262
1.37993
1.39614
1.37453
1.35828
1.23164
1.25294
1.26826
1.4171
1.32226
1.30405
1.2786
1.29242
1.26532
1.33733
1.29662
1.21531
1.25599
1.19149
1.3254
1.25106
1.2681
1.27592
1.31743
1.20672
1.29815
1.3381
1.35966
1.24605
1.28088
1.27616
1.32615
1.3127
1.25086
1.35551
1.29665
1.37412
1.37833
1.35411
1.4155
1.20969
1.36447
1.19163
1.3075
1.37496
1.29664
1.43439
1.28231
1.1994
1.35152
1.34599
1.28278
1.25668
1.22978
1.2406
1.21373
1.26858
1.27059
1.2473
1.22797
1.34951
1.32922
1.24609
1.29925
1.30665
1.29198
1.32068
1.33629
1.25312
1.29149
1.2877
1.43749
1.22692
1.2312
1.2839
1.25843
1.28031
1.24996
1.2194
1.34826
1.33259
1.40886
1.33407
1.30437
1.23093
1.2282
1.40485
1.21758
1.24318
1.45541
1.2679
1.46615
1.3421
1.26625
1.36776
1.2212
1.4852
1.32913
1.34318
1.37096
1.29551
1.28901
1.56912
1.28129
1.25079
1.29528
1.36355
1.25442
1.28758
1.29894
1.27063
1.26321
1.30136
1.21845
1.3814
1.28673
1.49769
1.3014
1.48929
1.35181
1.41329
1.26256
1.36257
1.22881
1.2387
1.30929
1.25033
1.35688
1.27619
1.20634
1.3112
1.24635
1.35191
1.19569
1.24119
1.27411
1.27652
1.31953
1.21362
1.23897
1.35856
1.20656
1.43666
1.3406
1.25245
1.28678
1.24933
1.26648
1.3127
1.31248
1.25029
1.21943
1.27253
1.25922
1.30229
1.34132
1.29131
1.36022
1.20065
1.29945
1.34975
1.41888
1.29152
1.31608
1.22939
1.2733
1.3845
1.31104
1.32555
1.41602
1.28547
1.24172
1.20838
1.33175
1.32291
1.19327
1.32628
1.31885
1.25632
1.31192
1.3157
1.30583
1.31373
1.26747
1.29884
1.33328
1.33809
1.33891
1.33988
1.26923
1.2777
1.2431
1.28682
1.2231
1.29634
1.30015
1.20004
1.25698
1.25764
1.28782
1.38949
1.2605
1.3245
1.23924
1.2321
1.36069
1.32278
1.23058
1.32371
1.39662
1.55599
1.26375
1.26137
1.30073
1.22179
1.31404
1.30329
1.2209
1.41812
1.5056
1.26694
1.39286
1.31822
1.31577
1.24219
1.32134
1.23142
1.24049
1.23478
1.27775
1.36013
1.36492
1.22637
1.26763
1.33423
1.35934
1.2901
1.30184
1.37857
1.23065
1.41234
1.28339
1.45026
1.2709
1.26351
1.25497
1.21634
1.26048
1.20115
1.26089
1.399
1.22746
1.34739
1.30279
1.4155
1.39999
1.25619
1.55177
1.4159
1.17146
1.20278
1.23875
1.26306
1.31063
1.24314
1.41232
1.18876
1.31125
1.43321
1.2412
1.25329
1.27237
1.20112
1.35627
1.2554
1.29621
1.38667
1.46715
1.28075
1.23377
1.30374
1.28599
1.29648
1.33118
1.22892
1.35664
1.40621
1.33262
1.28625
1.28506
1.3927
1.21252
1.3599
1.27794
1.25673
1.24855
1.3842
1.38462
1.29177
1.30057
1.28737
1.38406
1.24205
1.30431
1.44282
1.29757
1.37407
1.26614
