1.73333
1.86667
2
1.93333
1.73333
1.8
1.73333
1.73333
1.8
1.8
1.8
2.06667
1.8
1.66667
1.6
1.73333
1.8
2
1.93333
1.66667
1.8
1.93333
1.73333
1.93333
1.73333
1.86667
1.86667
1.66667
1.66667
1.8
2
1.66667
1.8
1.8
1.86667
1.8
1.8
1.86667
1.86667
2
2
1.93333
1.86667
1.8
1.73333
1.93333
1.8
1.6
1.86667
2
1.8
1.8
1.86667
1.86667
1.86667
2
1.86667
1.8
2.13333
1.8
1.73333
1.86667
1.6
1.86667
1.73333
1.8
1.66667
1.66667
1.8
1.86667
1.86667
1.6
1.6
1.8
1.73333
1.8
1.73333
1.73333
2.06667
1.8
1.8
2.06667
1.93333
1.93333
1.86667
2
1.93333
1.66667
1.6
1.73333
1.66667
1.86667
2.06667
1.66667
1.86667
1.93333
1.93333
1.86667
1.8
1.8
1.8
1.73333
1.8
1.86667
1.73333
1.86667
2.06667
1.86667
1.73333
1.73333
1.66667
1.73333
1.8
2
1.66667
1.86667
1.73333
1.8
1.86667
1.86667
1.66667
1.8
2.06667
1.86667
1.8
1.86667
1.73333
1.66667
1.66667
1.86667
1.93333
1.93333
2
2.13333
1.93333
1.86667
2
1.93333
1.86667
1.66667
2
1.8
1.93333
2
1.73333
2
1.73333
1.73333
1.73333
1.73333
1.93333
1.6
1.8
1.93333
1.93333
1.73333
1.93333
1.73333
1.8
1.73333
1.6
2
1.86667
1.93333
1.66667
1.8
1.86667
1.73333
2.2
1.6
1.66667
2.06667
1.8
1.73333
2
1.8
1.73333
1.86667
1.66667
1.73333
2
1.93333
1.73333
2.06667
1.8
1.73333
2.2
2
1.93333
1.86667
1.73333
1.86667
1.93333
1.73333
1.8
1.8
1.73333
1.8
1.86667
1.86667
1.8
1.86667
1.93333
2.06667
1.93333
2.06667
2.06667
1.73333
1.66667
1.73333
1.73333
1.86667
1.86667
1.86667
1.86667
1.93333
2
1.93333
1.93333
1.86667
1.8
1.86667
2
1.8
1.73333
1.66667
1.93333
1.73333
1.73333
1.6
1.8
2
1.86667
1.66667
1.8
1.6
1.73333
1.73333
1.93333
1.66667
1.66667
1.86667
1.6
1.6
1.8
1.93333
2
1.8
2
1.6
1.86667
1.8
1.86667
1.8
1.73333
2.06667
1.73333
1.73333
1.8
1.6
1.6
1.8
1.93333
1.8
1.6
1.8
1.86667
1.86667
1.86667
1.73333
1.73333
1.86667
1.8
1.73333
1.73333
2.13333
1.66667
1.8
1.66667
1.66667
1.8
2.13333
1.73333
1.93333
2.2
1.8
1.8
1.86667
1.8
1.8
1.66667
1.93333
1.66667
1.86667
1.86667
2.13333
1.8
1.73333
2.06667
1.8
1.6
1.66667
2.13333
2.06667
1.86667
1.93333
1.86667
1.66667
2
1.86667
1.86667
1.93333
1.8
2
1.86667
1.8
1.73333
1.8
1.66667
2.06667
1.73333
1.86667
1.86667
2
1.8
1.73333
2
1.73333
1.6
2
1.93333
1.8
1.66667
1.73333
2
1.86667
1.66667
1.8
2
1.8
2
1.8
1.86667
1.93333
2
1.93333
1.8
2
1.8
1.66667
1.73333
1.6
1.73333
1.73333
1.86667
2
1.8
1.93333
1.73333
1.73333
1.8
1.73333
1.6
1.8
1.86667
1.86667
1.66667
1.86667
2
1.86667
1.86667
2
1.66667
1.8
2.06667
1.93333
1.8
1.73333
2.2
2.13333
1.8
1.86667
1.6
1.93333
1.66667
1.86667
1.93333
1.86667
2
1.73333
1.73333
1.86667
2.06667
1.86667
1.8
1.73333
2.26667
1.8
2.26667
2.2
1.86667
1.93333
1.93333
1.66667
1.8
1.6
1.93333
1.8
1.93333
1.8
1.93333
1.8
1.73333
1.86667
1.86667
1.86667
1.93333
1.73333
1.73333
1.86667
1.8
1.73333
1.73333
1.86667
2.13333
1.8
2.13333
1.73333
1.8
1.73333
1.93333
1.8
1.66667
2.06667
1.53333
1.6
1.93333
1.93333
1.8
1.86667
1.73333
1.8
1.73333
1.66667
1.73333
1.93333
1.8
1.8
1.8
1.8
1.86667
1.8
1.93333
1.86667
1.8
1.73333
1.6
1.86667
1.73333
1.86667
1.86667
1.93333
1.86667
1.86667
1.8
1.93333
2
1.66667
1.8
2
1.66667
1.8
2
1.8
1.73333
1.86667
2.06667
2
1.6
1.93333
2
2
2.06667
1.66667
1.66667
1.86667
1.8
1.93333
1.8
1.93333
2
1.8
1.86667
2.06667
1.8
1.8
2
1.86667
1.73333
1.86667
