1.33285
1.24081
1.32922
1.24325
1.304
1.4999
1.25286
1.40752
1.29751
1.28531
1.3572
1.30951
1.4459
1.23757
1.38186
1.40101
1.37709
1.19741
1.25285
1.3051
1.33231
1.28009
1.32768
1.22208
1.32706
1.2845
1.32213
1.27621
1.38837
1.31934
1.31389
1.40102
1.30015
1.2645
1.34859
1.32775
1.23786
1.23825
1.35663
1.29778
1.32822
1.20135
1.35298
1.43587
1.31108
1.2892
1.2703
1.32017
1.43447
1.25861
1.30897
1.31492
1.33089
1.42045
1.23902
1.35919
1.32871
1.25966
1.32012
1.32683
1.30848
1.23732
1.23442
1.28905
1.26506
1.46148
1.37685
1.28631
1.28489
1.2662
1.41168
1.23538
1.31483
1.18697
1.23689
1.25642
1.34456
1.26468
1.26034
1.26276
1.28806
1.26972
1.25143
1.35659
1.3301
1.34864
1.26859
1.27021
1.32599
1.37719
1.26695
1.23707
1.28133
1.3064
1.32424
1.2721
1.27169
1.28383
1.24244
1.33162
1.27673
1.36502
1.26516
1.29089
1.36025
1.37071
1.26771
1.25982
1.21832
1.27518
1.29782
1.26011
1.33642
1.37171
1.30545
1.25577
1.47903
1.2856
1.43441
1.34965
1.27459
1.37904
1.25348
1.41639
1.29902
1.3869
1.32913
1.36607
1.32035
1.38749
1.26998
1.28537
1.31474
1.39947
1.35723
1.23507
1.23439
1.26481
1.22485
1.2714
1.24509
1.2641
1.29191
1.34788
1.35384
1.33235
1.2938
1.27191
1.29449
1.36053
1.24032
1.28641
1.26983
1.22925
1.30254
1.34948
1.25517
1.31824
1.28449
1.33249
1.32102
1.4188
1.37441
1.38415
1.23266
1.25548
1.30313
1.27216
1.37951
1.38888
1.22863
1.28346
1.31595
1.36044
1.23237
1.27883
1.33233
1.30348
1.26676
1.32254
1.27935
1.22737
1.32631
1.27379
1.25127
1.35792
1.33322
1.32092
1.27053
1.31417
1.24725
1.30266
1.37973
1.27814
1.34209
1.39154
1.34047
1.44124
1.34912
1.23732
1.33662
1.32837
1.33014
1.30073
1.33363
1.3319
1.3279
1.30694
1.26847
1.29586
1.24296
1.41013
1.26981
1.3183
1.32831
1.34432
1.26876
1.26764
1.31636
1.21586
1.3152
1.37276
1.46857
1.33653
1.29687
1.26011
1.33075
1.35997
1.30717
1.4079
1.30394
1.28922
1.2981
1.19818
1.5132
1.3826
1.37207
1.32539
1.3112
1.31287
1.36333
1.40754
1.29684
1.27838
1.25801
1.3181
1.39221
1.43084
1.28378
1.23191
1.25447
1.41685
1.29168
1.33364
1.32278
1.25788
1.38433
1.37282
1.21739
1.254
1.31318
1.32303
1.26711
1.27346
1.27652
1.45728
1.38605
1.29721
1.21038
1.23986
1.35707
1.28835
1.39313
1.38038
1.26924
1.36529
1.35365
1.24245
1.42832
1.31351
1.32268
1.34129
1.22801
1.2205
1.28278
1.3768
1.22592
1.2313
1.21108
1.28006
1.39308
1.45706
1.2306
1.31526
1.41504
1.34549
1.26247
1.2812
1.29243
1.34245
1.2701
1.23598
1.33634
1.24816
1.27202
1.3104
1.38061
1.28464
1.36438
1.25454
1.3847
1.34174
1.28712
1.36109
1.34621
1.3396
1.29229
1.26034
1.34717
1.26958
1.20644
1.38352
1.30616
1.24393
1.33636
1.33093
1.45046
1.34022
1.23471
1.32382
1.31949
1.27659
1.30127
1.30768
1.25942
1.25056
1.32138
1.43884
1.4476
1.31435
1.34374
1.27415
1.22871
1.30646
1.25513
1.25851
1.37905
1.29417
1.24999
1.37523
1.31425
1.30732
1.22744
1.30507
1.28626
1.34143
1.24669
1.40999
1.35694
1.36904
1.33089
1.36999
1.30745
1.44279
1.3912
1.36572
1.34971
1.24882
1.29948
1.30119
1.2649
1.27448
1.28391
1.30609
1.48405
1.28698
1.3
1.32927
1.3251
1.24294
1.3029
1.24153
1.35862
1.34847
1.30585
1.29774
1.30529
1.25146
1.35876
1.35211
1.34032
1.31372
1.3283
1.41261
1.28598
1.379
1.26821
1.37091
1.39604
1.27096
1.27058
1.39098
1.37839
1.27979
1.30048
1.26411
1.22454
1.33146
1.39328
1.28819
1.38432
1.27144
1.30729
1.31472
1.20436
1.2971
1.26163
1.29259
1.35397
1.30572
1.34723
1.22216
1.34378
1.39127
1.34327
1.20038
1.29875
1.21683
1.27871
1.31294
1.2454
1.3021
1.38211
1.31462
1.29495
1.28326
1.27755
1.28712
1.54543
1.27315
1.26989
1.3246
1.27802
1.373
1.25181
1.34458
1.28353
1.32746
1.47044
1.23786
1.29669
1.2219
1.31519
1.23714
1.20697
1.27859
1.31998
1.2965
1.28209
1.23366
1.23481
1.24582
1.36627
1.29635
1.26861
1.26199
1.26765
1.32107
1.2689
1.27438
1.33183
1.35043
1.25085
1.31184
1.27022
1.22913
1.26248
1.33572
1.33754
1.28777
1.40777
1.28562
1.36651
1.46154
1.26394
1.30657
1.42402
1.35337
1.33267
1.39358
1.30171
1.4386
1.241
1.30069
1.23147
1.29625
1.32474
1.32254
1.22184
1.27179
