1.32077
1.3071
1.25683
1.21755
1.32644
1.45692
1.27389
1.33426
1.24746
1.2431
1.34761
1.41323
1.24346
1.2947
1.31016
1.30853
1.30409
1.26148
1.48688
1.40506
1.26836
1.28448
1.3714
1.36015
1.33525
1.36587
1.2753
1.38442
1.32677
1.30163
1.30019
1.30038
1.3794
1.33602
1.34636
1.33867
1.35923
1.30208
1.28667
1.31512
1.29749
1.29192
1.29751
1.29676
1.27671
1.30006
1.32237
1.30928
1.29621
1.273
1.32377
1.29462
1.375
1.35255
1.34603
1.38004
1.38079
1.32971
1.28199
1.34396
1.29716
1.31264
1.38155
1.29522
1.28247
1.51112
1.39425
1.33115
1.25118
1.2653
1.37348
1.26105
1.28753
1.40779
1.31214
1.3278
1.30789
1.2806
1.35043
1.28112
1.24066
1.2682
1.35896
1.26211
1.32165
1.32335
1.33612
1.28978
1.30321
1.29981
1.30845
1.2645
1.34016
1.32498
1.29426
1.3732
1.26744
1.30984
1.27382
1.37836
1.24158
1.23696
1.3844
1.3305
1.32165
1.41332
1.28665
1.26521
1.31507
1.25912
1.38597
1.24428
1.29307
1.32072
1.30471
1.26508
1.27922
1.31386
1.3368
1.31337
1.27689
1.28392
1.27239
1.30045
1.39348
1.36589
1.38813
1.30718
1.31031
1.24029
1.34333
1.27533
1.24125
1.2836
1.32422
1.34583
1.25682
1.45139
1.34222
1.29778
1.35867
1.29675
1.33784
1.23681
1.23684
1.36892
1.2962
1.26213
1.36589
1.33885
1.36944
1.24691
1.31278
1.33183
1.29809
1.24699
1.25858
1.31885
1.54767
1.23834
1.24857
1.27026
1.32295
1.30142
1.30619
1.35052
1.34909
1.31092
1.35024
1.31924
1.32089
1.22868
1.28173
1.35382
1.22903
1.23825
1.28122
1.30563
1.32908
1.26426
1.2899
1.29287
1.28296
1.33448
1.31707
1.32444
1.41267
1.24461
1.232
1.33454
1.32716
1.30275
1.39966
1.34558
1.29209
1.42785
1.22957
1.26499
1.28366
1.26228
1.27355
1.34714
1.35302
1.294
1.29069
1.27396
1.359
1.26564
1.28435
1.29719
1.33372
1.25781
1.3601
1.34867
1.3176
1.26085
1.23592
1.27358
1.49451
1.25451
1.30581
1.4045
1.33912
1.27021
1.30936
1.29208
1.46371
1.32733
1.34608
1.35728
1.2574
1.27699
1.28469
1.2629
1.27421
1.34927
1.39105
1.28623
1.22972
1.4224
1.30515
1.31532
1.31914
1.30891
1.37921
1.26593
1.45667
1.34544
1.35304
1.30272
1.31464
1.24723
1.31122
1.40079
1.24059
1.3293
1.30118
1.25201
1.24984
1.37003
1.27164
1.33944
1.2722
1.29174
1.25811
1.28704
1.32539
1.26025
1.35693
1.30753
1.43073
1.33845
1.24618
1.37848
1.28649
1.30501
1.20495
1.29927
1.34571
1.28674
1.39978
1.32282
1.32719
1.3833
1.27295
1.31551
1.3183
1.21817
1.28582
1.389
1.37218
1.41223
1.307
1.25468
1.28736
1.28645
1.27231
1.35688
1.35807
1.29127
1.2303
1.24973
1.27475
1.33337
1.34356
1.31444
1.27205
1.32908
1.30756
1.34016
1.26267
1.3073
1.30714
1.27133
1.36535
1.40606
1.3099
1.30311
1.30354
1.29061
1.23902
1.35486
1.36906
1.2927
1.22919
1.28077
1.29066
1.29289
1.36628
1.27345
1.36524
1.24291
1.24548
1.22466
1.35255
1.2692
1.33103
1.38669
1.32956
1.37943
1.27244
1.30129
1.26126
1.3611
1.31672
1.28611
1.30376
1.276
1.37945
1.36026
1.32556
1.26965
1.31824
1.24446
1.30787
1.35794
1.34359
1.32132
1.23279
1.28326
1.30676
1.2679
1.32299
1.32795
1.29867
1.26412
1.32355
1.44547
1.34726
1.275
1.27701
1.30034
1.28997
1.27458
1.27636
1.26599
1.24643
1.4011
1.35457
1.33799
1.3992
1.2785
1.26082
1.27826
1.25524
1.28792
1.35523
1.31666
1.32622
1.2688
1.29038
1.27738
1.3445
1.28068
1.23048
1.26351
1.33818
1.29378
1.38395
1.36021
1.31249
1.2873
1.31148
1.33216
1.28196
1.31815
1.25179
1.25775
1.42616
1.4221
1.26696
1.315
1.27871
1.29511
1.32546
1.27963
1.2112
1.36166
1.30796
1.32573
1.31401
1.3866
1.25962
1.25354
1.32789
1.28334
1.26894
1.34587
1.3315
1.26797
1.33574
1.33271
1.27627
1.278
1.22224
1.30136
1.2391
1.29053
1.34926
1.27451
1.29686
1.30528
1.28428
1.30979
1.40608
1.42382
1.36671
1.3443
1.35221
1.26351
1.4418
1.33004
1.31003
1.32061
1.29416
1.27898
1.42273
1.33296
1.33915
1.29006
1.227
1.2631
1.24872
1.26058
1.28517
1.33836
1.2774
1.31358
1.33444
1.32195
1.31823
1.2676
1.32347
1.32239
1.31986
1.27994
1.29205
1.31814
1.29958
1.30639
1.22611
1.33161
1.33515
1.28377
1.28483
1.2588
1.22805
1.3397
1.2715
1.3043
1.30808
1.35149
1.37466
1.35773
1.31657
1.35732
1.45524
1.27115
1.2769
1.33971
