2.375
1.76471
1.75
2.125
1.75
1.64706
1.70588
1.6875
1.8125
1.94118
1.875
2
1.9375
2.23529
1.75
1.9375
1.70588
1.88235
1.76471
1.64706
1.70588
2
1.875
2
1.64706
1.8125
1.94118
1.9375
1.875
2.125
1.8125
1.875
1.75
1.75
1.8125
1.70588
1.94118
1.9375
1.8125
1.75
1.76471
1.64706
1.9375
1.88235
1.6875
1.58824
1.64706
1.88235
1.82353
1.76471
1.8125
1.70588
1.58824
1.9375
1.8125
1.8125
1.875
1.58824
2.11765
1.9375
1.6875
1.9375
1.70588
2
1.625
1.9375
2.0625
1.75
2.125
2.1875
1.94118
1.875
1.64706
1.8125
1.75
1.8125
1.8125
2.125
1.82353
1.875
2
1.875
1.70588
1.64706
1.875
1.52941
2
1.9375
1.82353
1.76471
1.58824
1.875
1.875
2
2.0625
2.1875
2
1.625
2
1.8125
1.8125
2
1.76471
1.88889
1.9375
1.9375
2
1.70588
2
1.82353
2.125
1.9375
1.64706
1.875
1.75
1.6875
1.625
1.9375
1.75
1.8125
2.0625
1.6875
1.70588
1.76471
1.64706
2
1.875
1.76471
1.64706
1.9375
1.70588
2.0625
1.8125
1.6875
1.76471
1.6875
1.9375
1.94118
1.82353
2.0625
1.875
2.0625
1.64706
1.8125
2
1.6875
1.76471
1.75
2.05882
1.9375
1.8125
1.70588
1.82353
1.70588
1.8125
1.58824
1.9375
1.82353
1.82353
1.875
1.64706
1.8125
1.8125
1.9375
1.75
1.8125
1.64706
1.6875
1.64706
2.0625
1.9375
1.82353
1.875
1.82353
1.82353
1.76471
1.76471
1.9375
1.9375
2
1.76471
1.8125
1.58824
1.75
1.76471
1.82353
2.0625
1.875
1.875
1.9375
1.58824
1.8125
1.70588
2.25
1.70588
2.11765
1.6875
1.9375
2.05882
1.9375
1.70588
1.8125
1.75
1.8125
1.70588
2
1.88235
1.9375
1.52941
1.8125
1.75
1.875
1.76471
1.70588
1.875
1.9375
2.25
1.76471
1.6875
1.75
1.94118
2
1.8125
2
1.875
1.88235
2.0625
1.6875
1.76471
1.70588
1.52941
1.9375
1.8125
1.82353
1.75
1.76471
1.8125
1.76471
2.1875
1.875
1.75
1.875
1.875
2.125
1.875
1.94118
1.82353
1.64706
1.94118
1.76471
1.64706
1.875
1.88235
1.64706
1.64706
1.6875
1.75
1.70588
1.8125
1.9375
1.76471
1.82353
1.875
1.82353
1.88235
2
1.6875
1.875
1.8125
1.9375
1.9375
2.0625
1.8125
1.94118
1.875
1.64706
1.64706
1.625
1.8125
1.70588
1.875
1.8125
1.88235
1.76471
1.9375
1.64706
1.76471
2.25
1.8125
2
1.9375
1.70588
2
1.64706
1.70588
1.82353
1.875
1.875
1.9375
1.9375
1.875
1.9375
2
1.75
1.70588
1.875
1.9375
2.41176
2.0625
1.875
1.8125
1.82353
1.82353
1.875
2
1.75
1.75
1.82353
1.8125
1.875
1.70588
2
1.94118
1.88235
1.6875
1.88235
1.9375
1.875
2
1.94118
1.6875
1.58824
1.70588
1.76471
1.875
1.82353
1.76471
1.58824
2
1.875
1.82353
1.52941
2
1.70588
1.70588
1.64706
2
1.64706
1.70588
1.66667
1.75
1.66667
1.875
1.94118
1.70588
1.76471
1.8125
1.6875
1.8125
1.64706
1.76471
1.875
1.875
1.75
1.875
1.9375
1.875
1.82353
1.875
1.875
1.9375
2.125
1.75
1.70588
1.8125
1.8125
1.8125
1.76471
1.82353
1.76471
1.76471
1.875
1.82353
1.82353
1.70588
1.8125
1.8125
1.52941
1.70588
1.875
1.75
1.75
1.82353
2.0625
1.9375
1.76471
1.8125
1.8125
1.64706
1.82353
2
1.8125
1.76471
1.76471
1.75
1.82353
1.70588
1.82353
1.625
1.76471
1.82353
2
2.05882
1.9375
1.9375
1.76471
1.76471
1.70588
1.875
1.8125
2
1.70588
1.76471
1.76471
1.76471
1.9375
1.9375
1.70588
2.0625
1.76471
1.8125
1.875
1.64706
1.9375
1.58824
1.75
1.8125
1.875
1.9375
1.8125
2
1.875
1.88235
1.75
1.8125
2
1.8125
1.875
1.9375
1.76471
1.82353
1.76471
1.9375
1.70588
1.8125
1.8125
1.75
1.8125
1.8125
1.70588
2
1.76471
2
2.05882
1.70588
2.05882
1.875
1.8125
1.82353
1.875
1.8125
1.64706
1.82353
2
1.875
1.70588
1.875
1.82353
1.8125
1.70588
1.6875
1.8125
1.75
1.875
1.64706
2.1875
1.64706
1.94118
2.0625
1.64706
1.9375
1.70588
1.70588
1.75
1.9375
1.75
2
1.875
2.4375
1.70588
